9.886443363189955091e-01
9.897575198063816027e-01
9.893169490214754891e-01
9.885574182212312211e-01
9.874152724832846451e-01
9.893808253050004886e-01
9.887237492476645961e-01
9.890313286811567295e-01
9.884863899184422875e-01
9.889462111592969285e-01
9.894476165935330858e-01
9.889145264847511996e-01
9.875194846865126275e-01
9.875143901069416419e-01
9.895388145745541708e-01
9.899649983184245494e-01
9.898309664164182120e-01
9.896201142470226753e-01
9.876042528990082170e-01
9.880225380166075544e-01
